   44    3 
   45  134 ******************************
   46  312 **********************************************************************
   47  242 ******************************************************
   48   92 ********************
   49   27 ******
   50   18 ****
*  51   11 **
   52   10 **
   53    6 *
   54    6 *
   55    6 *
   56    5 *
   57    4 
   58    0 
   59    0 
   60    1 
   61    2 
   62    3 
   63    1 
   64    3 
   65    0 
   66    2 
   67    2 
   68    3 
   69    2 
   70    3 
   71    0 
   72    4 
   73    2 
   74    1 
   75    2 
   76    0 
   77    0 
   78    3 
   79    2 
   80    1 
   81    2 
   82    0 
   83    0 
>  84    2 
   85    3 
   86    2 
   87    1 
   88    1 
   89    3 
   90    0 
   91    1 
   92    1 
   93    2 
   94    0 
   95    0 
   96    2 
   97    1 
   98    1 
   99    0 
  100    0 
  101    1 
  102    3 
  103    3 
  104    1 
  105    0 
  106    1 
  107    0 
  108    1 
  109    3 
  110    1 
  111    0 
  112    0 
  113    0 
  114    0 
  115    1 
  116    1 
  117    0 
  118    1 
  119    1 
  120    3 
  121    0 
  122    0 
  123    0 
  124    0 
  125    1 
  126    2 
  127    1 
  128    0 
  129    0 
  130    0 
  131    0 
  132    1 
  133    1 
  134    0 
  135    0 
  136    2 
  137    1 
  138    0 
  139    0 
  140    0 
  141    0 
  142    0 
  143    1 
  144    0 
  145    0 
  146    0 
  147    0 
  148    0 
  149    0 
  150    0 
  151    0 
  152    2 
53 packets above variance
